# raw data taken from Too Close to Call https://docs.google.com/file/d/0B9hKZEGlI3lXLUx5eDBhRzJDYVU/view?sle=true

Comté 	  PLQ   	 PQ	  CAQ   	 PV	  QS  	  ON
Abitibi-est	 38.7	 41.3	 15.7	 0.2	  4.2	 0.0
Abitibi-ouest	   23.0	 55.6	 18.7	 0.2	  2.4	 0.0
Acadie	  57.7	 19.4	 12.8	 4.3	  5.9	 0.0
Anjou-Louis-Riel	41.5	 32.7	 16.2	 3.4	  6.2	 0.0
Argenteuil	  34.5	 33.5	 25.5	 2.9	  3.6	 0.0
Arthabaska	  31.9	 25.7	 34.2	 2.0	  6.1	 0.0
Beauce-Nord	 29.3	 11.6	 50.9	 1.7	  6.6	 0.0
Beauce-Sud	  35.1	 12.3	 44.6	 2.1	  5.8	 0.0
Beauharnois	 22.1	 44.8	 25.2	 2.8	  5.2	 0.0
Bellechasse	 36.1	 17.0	 40.1	 0.2	  6.6	 0.0
Berthier	14.6	 40.6	 35.0	 3.2	  6.6	 0.0
Bertrand	22.6	 45.3	 23.8	 3.2	  5.1	 0.0
Blainville	  21.1	 38.8	 31.4	 3.2	  5.4	 0.0
Bonaventure	 43.0	 35.6	 11.7	 1.1	  8.6	 0.0
Borduas	 19.4	 45.3	 25.4	 3.8	  6.0	 0.0
Bourassa-Sauve	  52.3	 25.2	 16.1	 0.6	  5.8	 0.0
Bourget	 22.0	 48.3	 17.9	 4.3	  7.5	 0.0
Brome-Missisquoi	36.6	 23.9	 29.7	 3.7	  6.2	 0.0
Chambly	 20.3	 41.7	 28.7	 3.6	  5.7	 0.0
Champlain	   24.3	 38.8	 31.0	 0.1	  5.7	 0.0
Chapleau	43.0	 26.3	 21.3	 4.8	  4.6	 0.0
Charlesbourg	31.9	 25.6	 35.1	 0.4	  7.0	 0.0
Charlevoix-Côte-de-Beaupré	  22.3	 43.3	 27.4	 2.2	  4.7	 0.0
Chateauguay	 33.5	 34.8	 23.7	 3.5	  4.5	 0.0
Chauveau	23.8	 22.6	 45.4	 0.4	  7.8	 0.0
Chicoutimi	  34.5	 43.6	 15.8	 0.2	  5.9	 0.0
Chomedey	56.2	 17.0	 19.7	 3.0	  4.1	 0.0
Chutes-de-la-Chaudière	  21.5	 23.5	 46.7	 0.2	  8.1	 0.0
Côte-du-Sud	 34.9	 23.6	 34.3	 1.9	  5.3	 0.0
Cremazie	31.3	 42.5	 14.7	 3.4	  8.2	 0.0
D'Arcy-McGee	79.5	 1.4	  10.9	 5.2	  3.0	 0.0
Deux-Montagnes	  20.5	 41.3	 28.4	 4.7	  5.0	 0.0
Drummond-Bois-Francs	29.3	 30.8	 32.5	 0.2	  7.2	 0.0
Dubuc	   36.0	 40.0	 18.5	 0.2	  5.4	 0.0
Duplessis	   27.3	 49.8	 15.8	 2.6	  4.5	 0.0
Fabre	   37.9	 31.1	 22.4	 3.5	  5.0	 0.0
Gaspé	   42.4	 41.4	 13.2	 0.1	  3.0	 0.0
Gatineau	46.9	 30.0	 19.2	 1.4	  2.4	 0.0
Gouin	   10.5	 38.3	 12.7	 3.7	  34.7	0.0
Granby	  23.3	 24.0	 41.8	 3.0	  7.9	 0.0
Groulx	  24.5	 35.4	 30.9	 3.7	  5.5	 0.0
Hochelaga-Maisonneuve	   12.0	 52.1	 15.2	 4.9	  15.7	0.0
Hull	38.8	 33.1	 16.2	 1.1	  10.8	0.0
Huntingdon	  34.8	 24.9	 33.3	 0.4	  6.7	 0.0
lberville	   20.7	 38.6	 31.6	 3.7	  5.5	 0.0
iles-de-la-Madeleine	41.4	 43.1	 11.1	 1.9	  2.5	 0.0
Jacques-Cartier	 71.0	 4.4	  12.5	 9.0	  3.1	 0.0
Jean-Lesage	 27.7	 31.2	 30.8	 1.2	  9.1	 0.0
Jeanne Mance-Viger	  65.1	 13.5	 15.7	 0.6	  5.1	 0.0
Jean-Talon	  38.3	 28.9	 22.6	 4.0	  6.2	 0.0
Johnson	 19.1	 34.3	 36.6	 2.5	  7.5	 0.0
Joliette	17.3	 43.8	 30.4	 0.5	  8.0	 0.0
Jonquiere	   30.9	 45.5	 17.4	 0.2	  6.0	 0.0
Labelle	 16.9	 50.6	 23.8	 3.5	  5.2	 0.0
Lac-Saint-Jean	  23.1	 53.3	 17.4	 2.0	  4.2	 0.0
LaFontaine	  60.6	 17.2	 14.6	 3.3	  4.3	 0.0
La Peltrie	  27.2	 20.5	 44.1	 0.4	  7.7	 0.0
La Piniere	  50.5	 21.4	 22.2	 0.4	  5.5	 0.0
Laporte	 37.4	 30.2	 21.7	 5.0	  5.7	 0.0
La Prairie	  29.8	 40.2	 25.0	 0.4	  4.5	 0.0
L'Assomption	15.7	 40.4	 35.4	 2.8	  5.6	 0.0
Laurier-Dorion	  34.2	 32.1	 13.0	 5.4	  15.3	0.0
Laval des-Rapides	   34.6	 35.4	 21.7	 3.1	  5.1	 0.0
Laviolette	  47.0	 25.3	 22.4	 0.1	  5.1	 0.0
Levis	   30.3	 24.0	 37.3	 0.2	  8.2	 0.0
Lotbinière-Frontenac	38.6	 20.4	 35.3	 0.2	  5.6	 0.0
Louis-Hébert	35.9	 26.3	 29.9	 2.2	  5.6	 0.0
Marguerite-Bourgeois	59.1	 19.2	 13.5	 4.0	  4.3	 0.0
Marie-Victorin	  17.2	 48.4	 23.9	 3.7	  6.8	 0.0
Marquette	   47.9	 25.1	 15.9	 6.6	  4.5	 0.0
Maskinongé	  32.5	 33.0	 28.9	 0.2	  5.4	 0.0
Masson	  10.1	 49.7	 32.2	 3.1	  5.0	 0.0
Matane-Matapédia	25.4	 53.2	 17.0	 0.1	  4.3	 0.0
Mégantic	33.6	 34.5	 24.7	 0.8	  6.5	 0.0
Mercier	 11.7	 32.3	 11.7	 4.2	  40.1	0.0
Mille-Iles	  38.4	 32.0	 21.7	 3.1	  4.8	 0.0
Mirabel	 13.3	 45.3	 32.5	 3.4	  5.5	 0.0
Montarville	 29.6	 33.8	 26.8	 3.7	  6.0	 0.0
Montmorency	 27.1	 25.9	 38.5	 2.0	  6.5	 0.0
Mont-Royal	  67.2	 9.8	  12.2	 5.6	  5.2	 0.0
Nelligan	64.1	 12.1	 13.7	 7.0	  3.2	 0.0
Nicolet-Bécancour	   23.1	 20.8	 33.4	 0.1	  7.6	 15.0
Notre-Dame-de-Grace	 59.1	 12.0	 11.8	 15.7	 1.5	 0.0
Orford	  35.6	 32.2	 22.3	 3.8	  6.2	 0.0
Outremont	   44.4	 23.6	 11.7	 7.2	  13.1	0.0
Papineau	38.7	 32.2	 19.8	 4.1	  5.2	 0.0
Pointe-aux-Trembles	 15.9	 55.5	 18.7	 3.9	  6.0	 0.0
Pontiac	 54.7	 16.9	 16.3	 6.1	  6.1	 0.0
Portneuf	29.9	 24.0	 38.3	 0.4	  7.4	 0.0
Rene-Lévesque	   19.9	 56.2	 18.6	 0.2	  5.1	 0.0
Repentigny	  20.4	 41.4	 29.3	 3.0	  5.8	 0.0
Richelieu	   22.4	 43.7	 25.2	 3.3	  5.4	 0.0
Richmond	32.1	 36.8	 22.7	 2.7	  5.7	 0.0
Rimouski	27.8	 46.8	 19.3	 0.1	  6.0	 0.0
Rivière-du-Loup-Témiscouata	 37.7	 35.9	 21.6	 1.1	  3.7	 0.0
Robert-Baldwin	  71.9	 6.0	  12.7	 6.1	  3.4	 0.0
Roberval	33.3	 45.1	 17.2	 0.2	  4.2	 0.0
Rosemont	22.8	 48.2	 14.8	 3.4	  10.8	0.0
Rousseau	18.0	 51.8	 20.9	 3.6	  5.8	 0.0
Rouyn-Noranda-Temiscamingue	 35.5	 34.5	 21.5	 0.2	  8.3	 0.0
Saint-François	  34.5	 40.6	 19.1	 0.9	  4.8	 0.0
Saint-Henri-Sainte-Anne	 36.3	 36.2	 14.0	 5.3	  8.3	 0.0
Saint-Hyacinthe	 25.2	 35.5	 29.5	 3.7	  6.1	 0.0
Saint-Jean	  25.3	 36.5	 29.3	 3.6	  5.3	 0.0
Saint Jerôme	17.1	 42.5	 31.2	 3.0	  6.2	 0.0
Saint-Laurent	   54.7	 16.7	 15.8	 5.6	  7.2	 0.0
Sainte-Marie-Saint-Jacques	  19.0	 43.9	 13.1	 6.1	  17.9	0.0
Saint-Maurice	   28.4	 38.8	 25.7	 2.3	  4.8	 0.0
Sainte-Rose	 31.4	 37.2	 23.4	 1.7	  6.3	 0.0
Sanguinet	   17.7	 46.8	 28.9	 1.4	  5.1	 0.0
Sherbrooke	  34.1	 35.8	 17.6	 4.1	  8.5	 0.0
Soulanges	   34.8	 34.0	 23.7	 3.4	  4.1	 0.0
Taillon	 21.4	 43.2	 24.4	 4.1	  6.8	 0.0
Taschereau	  24.6	 39.5	 21.3	 4.8	  9.8	 0.0
Terrebonne	  15.6	 43.3	 31.6	 3.7	  5.8	 0.0
Trois-Rivières	  30.3	 33.8	 27.7	 2.1	  6.1	 0.0
Ungava	  28.5	 46.2	 17.8	 0.2	  7.3	 0.0
Vachon	  11.8	 56.7	 20.2	 3.8	  7.5	 0.0
Vanier-Les Rivières	 28.5	 23.4	 40.4	 0.4	  7.2	 0.0
Vaudreuil	   43.2	 27.0	 21.6	 4.3	  3.9	 0.0
Verchères	   13.3	 49.1	 28.5	 3.4	  5.6	 0.0
Verdun	  38.4	 34.6	 14.2	 5.7	  7.1	 0.0
Viau	49.5	 24.3	 14.6	 4.3	  7.4	 0.0
Vimont	  38.0	 31.8	 22.6	 1.5	  6.1	 0.0
Westmount-Saint-Louis	   65.7	 8.5	  11.7	 8.4	  5.7	 0.0
