# raw data taken from a Legermarketing survey:  http://www.ledevoir.com/documents/pdf/sondage_politique_provinciale.pdf

Comté                           	  PLQ   	  PQ    	  CAQ   	  PV    	  QS
Abitibi-est                     	  39.8  	  41.2  	  11.6  	  0.7   	  6.8 
Abitibi-ouest                   	  24.4  	  55.3  	  14.4  	  0.7   	  5.2 
Acadie                          	  58.0  	  18.4  	  8.3   	  7.0   	  8.3 
Anjou-Louis-Riel                	  41.9  	  31.4  	  11.6  	  5.2   	  10.0 
Argenteuil                      	  37.7  	  32.9  	  19.6  	  4.1   	  5.7 
Arthabaska                      	  34.6  	  25.3  	  28.8  	  2.5   	  8.8 
Beauce-Nord                     	  32.2  	  11.3  	  46.4  	  2.3   	  7.8 
Beauce-Sud                      	  38.1  	  12.0  	  40.0  	  2.8   	  7.1 
Beauharnois                     	  25.1  	  44.1  	  18.8  	  4.2   	  7.7 
Bellechasse                     	  39.1  	  16.9  	  35.4  	  0.8   	  7.8 
Berthier                        	  17.4  	  40.2  	  29.1  	  4.5   	  8.7 
Bertrand                        	  25.6  	  45.0  	  17.6  	  4.5   	  7.3 
Blainville                      	  24.0  	  38.6  	  25.5  	  4.5   	  7.5 
Bonaventure                     	  44.4  	  35.5  	  7.3   	  1.5   	  11.3 
Borduas                         	  22.4  	  44.7  	  19.2  	  5.3   	  8.5 
Bourassa-Sauve                  	  52.5  	  24.0  	  11.5  	  2.5   	  9.6 
Bourget                         	  23.2  	  46.2  	  13.1  	  6.1   	  11.4 
Brome-Missisquoi                	  39.5  	  23.2  	  23.6  	  5.1   	  8.6 
Chambly                         	  23.3  	  41.0  	  22.4  	  5.1   	  8.2 
Champlain                       	  27.1  	  38.5  	  25.4  	  0.5   	  8.5 
Chapleau                        	  44.6  	  25.1  	  15.7  	  7.7   	  6.9 
Charlesbourg                    	  34.5  	  25.2  	  29.7  	  1.7   	  8.8 
Charlevoix-Côte-de-Beaupré      	  25.0  	  42.8  	  21.9  	  3.7   	  6.6 
Chateauguay                     	  36.4  	  34.3  	  17.5  	  4.9   	  6.9 
Chauveau                        	  26.3  	  22.2  	  40.1  	  1.8   	  9.6 
Chicoutimi                      	  35.9  	  43.2  	  11.6  	  0.7   	  8.6 
Chomedey                        	  59.0  	  16.1  	  13.7  	  4.6   	  6.7 
Chutes-de-la-Chaudière          	  24.2  	  23.6  	  42.1  	  0.8   	  9.3 
Côte-du-Sud                     	  37.9  	  23.7  	  29.3  	  2.5   	  6.6 
Cremazie                        	  32.2  	  40.6  	  10.0  	  5.2   	  12.0 
D'Arcy-McGee                    	  79.1  	  0.9   	  6.5   	  7.9   	  5.6 
Deux-Montagnes                  	  23.4  	  41.1  	  22.4  	  6.0   	  7.1 
Drummond-Bois-Francs            	  32.0  	  30.5  	  27.0  	  0.6   	  9.9 
Dubuc                           	  37.2  	  39.9  	  14.3  	  0.7   	  8.0 
Duplessis                       	  28.6  	  49.5  	  11.5  	  3.1   	  7.2 
Fabre                           	  40.6  	  30.4  	  16.5  	  5.1   	  7.5 
Gaspé                           	  43.7  	  41.3  	  8.8   	  0.5   	  5.7 
Gatineau                        	  48.4  	  28.7  	  13.7  	  4.4   	  4.8 
Gouin                           	  12.0  	  36.6  	  8.1   	  5.5   	  37.9 
Granby                          	  26.2  	  23.3  	  35.8  	  4.4   	  10.3 
Groulx                          	  27.6  	  34.9  	  24.9  	  5.0   	  7.6 
Hochelaga-Maisonneuve           	  13.4  	  50.0  	  10.4  	  6.7   	  19.4 
Hull                            	  40.5  	  31.8  	  10.8  	  4.1   	  12.8 
Huntingdon                      	  37.7  	  24.2  	  27.3  	  1.8   	  9.1 
lberville                       	  23.6  	  37.8  	  25.5  	  5.2   	  8.0 
iles-de-la-Madeleine            	  42.8  	  42.9  	  6.7   	  2.3   	  5.2 
Jacques-Cartier                 	  70.8  	  3.8   	  8.1   	  11.7  	  5.6 
Jean-Lesage                     	  30.3  	  30.9  	  25.3  	  2.6   	  11.0 
Jeanne Mance-Viger              	  64.9  	  12.7  	  11.0  	  2.5   	  8.9 
Jean-Talon                      	  40.9  	  28.6  	  17.1  	  5.4   	  8.1 
Johnson                         	  21.5  	  33.0  	  31.0  	  4.5   	  10.0 
Joliette                        	  20.3  	  43.5  	  24.4  	  1.7   	  10.1 
Jonquiere                       	  32.3  	  45.2  	  13.2  	  0.7   	  8.7 
Labelle                         	  19.8  	  50.4  	  17.6  	  4.8   	  7.4 
Lac-Saint-Jean                  	  24.4  	  53.0  	  13.2  	  2.5   	  6.9 
LaFontaine                      	  60.5  	  16.3  	  10.0  	  5.1   	  8.1 
La Peltrie                      	  29.8  	  20.0  	  38.8  	  1.8   	  9.6 
La Piniere                      	  53.7  	  20.6  	  16.0  	  1.8   	  7.9 
Laporte                         	  40.4  	  29.6  	  15.5  	  6.4   	  8.1 
La Prairie                      	  32.8  	  39.7  	  18.7  	  1.8   	  7.0 
L'Assomption                    	  18.2  	  42.8  	  26.9  	  4.3   	  7.8 
Laurier-Dorion                  	  34.8  	  30.7  	  8.4   	  7.2   	  18.9 
Laval des-Rapides               	  37.2  	  34.7  	  15.7  	  4.7   	  7.7 
Laviolette                      	  50.0  	  25.0  	  16.6  	  0.5   	  7.9 
Levis                           	  33.1  	  24.2  	  32.5  	  0.8   	  9.5 
Lotbinière-Frontenac            	  41.7  	  20.4  	  30.3  	  0.8   	  6.8 
Louis-Hébert                    	  38.5  	  26.0  	  24.5  	  3.6   	  7.4 
Marguerite-Bourgeois            	  59.3  	  18.2  	  8.9   	  6.8   	  6.8 
Marie-Victorin                  	  20.1  	  47.8  	  17.6  	  5.2   	  9.3 
Marquette                       	  48.5  	  23.9  	  11.3  	  9.3   	  7.0 
Maskinongé                      	  35.2  	  32.8  	  23.3  	  0.6   	  8.1 
Masson                          	  12.8  	  49.4  	  26.2  	  4.4   	  7.1 
Matane-Matapédia                	  27.0  	  53.0  	  12.6  	  0.5   	  7.0 
Mégantic                        	  35.7  	  33.5  	  19.1  	  2.7   	  9.0 
Mercier                         	  13.1  	  30.9  	  7.1   	  6.0   	  42.9 
Mille-Iles                      	  41.0  	  31.3  	  15.7  	  4.6   	  7.4 
Mirabel                         	  16.1  	  45.0  	  26.6  	  4.7   	  7.6 
Montarville                     	  32.6  	  33.2  	  20.6  	  5.2   	  8.4 
Montmorency                     	  29.6  	  25.5  	  33.1  	  3.3   	  8.4 
Mont-Royal                      	  67.3  	  9.1   	  7.7   	  8.3   	  7.6 
Nelligan                        	  64.2  	  11.3  	  9.2   	  9.6   	  5.7 
Nicolet-Bécancour               	  25.8  	  23.8  	  28.3  	  0.5   	  10.3 
Notre-Dame-de-Grace             	  59.3  	  11.2  	  7.3   	  18.2  	  4.1 
Orford                          	  37.7  	  31.2  	  16.8  	  5.7   	  8.6 
Outremont                       	  45.1  	  22.5  	   7.3  	   9.9  	  15.2 
Papineau                        	  40.4  	  30.9  	  14.3  	  7.0   	  7.4 
Pointe-aux-Trembles             	  17.2  	  53.3  	  13.9  	  5.8   	  9.9 
Pontiac                         	  56.0  	  15.9  	  10.9  	  8.9   	  8.2 
Portneuf                        	  32.5  	  23.6  	  32.9  	  1.7   	  9.3 
Rene-Lévesque                   	  21.2  	  55.9  	  14.4  	  0.7   	  7.8 
Repentigny                      	  23.3  	  41.2  	  23.3  	  4.3   	  7.9 
Richelieu                       	  25.4  	  43.1  	  19.0  	  4.7   	  7.8 
Richmond                        	  34.2  	  35.8  	  17.2  	  4.7   	  8.2 
Rimouski                        	  29.4  	  46.5  	  14.9  	  0.5   	  8.7 
Rivière-du-Loup-Témiscouata     	  39.0  	  35.8  	  17.3  	  1.4   	  6.5 
Robert-Baldwin                  	  71.8  	  5.3   	  8.2   	  8.8   	  5.9 
Roberval                        	  34.7  	  44.7  	  12.9  	  0.7   	  7.0 
Rosemont                        	  23.9  	  46.2  	  10.1  	  5.2   	  14.6 
Rousseau                        	  20.9  	  51.6  	  14.7  	  4.8   	  7.9 
Rouyn-Noranda-Temiscamingue     	  36.6  	  34.4  	  17.4  	  0.7   	  10.9 
Saint-François                  	  36.6  	  39.6  	  13.6  	  2.9   	  7.4 
Saint-Henri-Sainte-Anne         	  37.2  	  34.8  	  9.4   	  8.0   	  10.6 
Saint-Hyacinthe                 	  28.2  	  34.7  	  23.3  	  5.1   	  8.6 
Saint-Jean                      	  28.3  	  35.7  	  23.1  	  5.1   	  7.8 
Saint Jerôme                    	  19.9  	  42.3  	  25.2  	  4.3   	  8.3 
Saint-Laurent                   	  55.1  	  15.8  	  11.3  	  8.3   	  9.5 
Sainte-Marie-Saint-Jacques      	  20.2  	  42.0  	  8.4   	  7.9   	  21.5 
Saint-Maurice                   	  31.3  	  38.4  	  19.8  	  2.8   	  7.7 
Sainte-Rose                     	  34.0  	  36.4  	  17.5  	  3.3   	  8.8 
Sanguinet                       	  20.5  	  46.4  	  22.7  	  2.8   	  7.6 
Sherbrooke                      	  36.2  	  34.8  	  12.0  	  6.0   	  10.9 
Soulanges                       	  37.7  	  33.5  	  17.5  	  4.9   	  6.5 
Taillon                         	  24.4  	  42.5  	  18.1  	  5.6   	  9.3 
Taschereau                      	  27.4  	  39.0  	  15.7  	  6.2   	  11.8 
Terrebonne                      	  18.5  	  43.0  	  25.7  	  5.0   	  7.9 
Trois-Rivières                  	  33.0  	  33.6  	  22.1  	  2.6   	  8.8 
Ungava                          	  29.9  	  45.9  	  13.5  	  0.7   	  10.0 
Vachon                          	  14.6  	  56.3  	  13.8  	  5.3   	  10.0 
Vanier-Les Rivières             	  31.1  	  23.0  	  35.1  	  1.8   	  9.0 
Vaudreuil                       	  46.3  	  26.3  	  15.3  	  5.7   	  6.3 
Verchères                       	  16.1  	  48.6  	  22.3  	  4.9   	  8.1 
Verdun                          	  39.2  	  33.2  	  9.7   	  8.4   	  9.5 
Viau                            	  49.7  	  23.2  	  10.0  	  6.1   	  11.1 
Vimont                          	  40.6  	  31.0  	  16.7  	  3.1   	  8.6 
Westmount-Saint-Louis           	  65.8  	  7.8   	  7.3   	  11.1  	  8.1 
